01101001001011010011001000110010011111011001111000010000111001101000001101000010101111000000100010010000101000010001010001010110
01100011010110100010001000101111110010001011011110111111000101011101110100010011110001100000110011110011110010011110001101000100
00001110011101010001110101000010010000100010001100011110101111101000001100110101101110010001100010000100110000000101010101000100
01100110010101110010000110000110001111011001100101110100011111001110011101110010101101101001100011110000101010010110011100111111
01110010000101000011110000001111100010001011101110010100010000101011010101110010111000110011100111110101000111110100100100100010
00001111110010011110110000111100101110110011001101111001000001111111011101110111101100101101100111111011001000001110001000000000
01010101000000010000001010110011000001111011110101100101001101111011011001110010100100101100100011010110101010011010101100110010
01001010000101000000010000100111111011011111001110010101100001001001100100000010101000000110110011010001001110011100101100010100
00000110010101010110111101100100000010100100101000111000111100001101011111010101100110100101000101000001100001101100101100110010
00010000100100101011000010001001101100000001001010011011010111010000001110100001001001011011000001111111101001001100000011111000
10001000101001111100100010110100010100110000110110111110001001110110100111111000001111111110110111110111000010111001011100001000
11000101010010101010101110011001111110001011111010100011000100010010101110011011001100110000010101011110001101100010110010111011
00111111001100011101101110011101011010100101001000111011100000011110000110010001001110011101010000011111010001101101101001110100
10011001011010011100001111100000010101110000110110001011101101101001101000010110001111101111111111100111000010101011011100011001
11100101010100100011100111000011000111101001110001110001101011000010100110010111001111011110011100100111101111100111011010101011
00110000111110111001010010011101100101000100101000111101010111010000111110011001001101010001010001011011010001111001100001001011
10110001011010010110011111010000010100100000110110101111000001110010001011100001001111101000011111110111000010110011011000010011
11110101001101111011100010001011111101011101011000110101010010110011100001001111001100111000111110011011000110000011011011011001
11101100000110100110011111100111010000111010000101110100000001001111111000111110110010100100000000010001001111001100010000001111
10010101111110010111010100001111001000001111110000100001110010101001011100001111011011000011001011001001010101001000110111110110
10010001101010110100111001100001100001111101000011010011101001011101111001110101010111000000111010100101100111010100010100001101
10001000110001010100110000100011010001111010011111001100111110100010111101001110010001100000100101010001110001001010111100101011
10000100100101001101110100010001001100111001001010000100010111100110111101001111011010111000000110011001110111110101110111001110
10011000101111111111011110010110110000001110011001001110011110110101111101001111010100010010110001111100001100110101100000010100
11101100000111011010010101001011111011111010010111010000101010101101000001101110111010101101100100010001011001000100010110101110
10000100100101100101101100000111001001011101100010000000100111101111111000110110111010010101010011001001100011101100110111001110
11001001111111100110010101011100100110101001101101001010101100100100101001010101110111011000000001101110100100110101000110001100
10010111010001111000100000011101110011100101110100000010001110111110100101111000011110101111111010101100011110010010101111110000
01001001001000110100100010100000100010010000001011000011111011100111110011010100111001111111101000100100100101110111100100101010
01111111101001101101001010110101010011110110100001011110010110110010100100000101111010010100010111000000011010010010101011000101
11110110001001101011001001001101100011000001101010001010110101011111001100101100111111100011000010100101000100110111101111101000
01000001101010100110100011111111110011000110000000000111111011001110011000101000110001011111111100100000000101100000101111101100
01110111001001100100000101111111000101010100101011000110010101000010000100101000010001010001001010010110110011010000111111000110
10001111011101100101101000011011000100010101001011001011111000010000111000000000100010110111001010101110100100010010101101100001
00100100100100011110110010101000110010010010011001000111111010000010110110001000111011101011101000100100110101000010101111100010
00111111010011101100101110110101010101100000000011100110001101011000110010011001010010010110000000000000011011110010111001100101
01000111000000000011010111101011001111011101110100111101110010101011011110001100001010001000101111111011100000000011010000101110
11100110100000000000110011001011010111100011111110001100010010110010001100111001100001101001010111111000010111111110101111010100
10000001100100000010110010100111001110100011001101100101110000001101011110010011000101100110010110000111010101110100000000110000
00110001000001010110101111111011010100111111110111110111100100011001011111110100001010110100001111111010101011001001001010110111
11000110011011000001010111101100100110011000110110111100000110010101000101110011001001000010010011111110011111011011100100000011
00000011111110110011001000100100101010100011000100111101101000100100011111110111001000110101001101001001011100000111100001011011
11110100100001000110010111111100110101001001011100110101100111101111000000111100001101111010001101110000100011101111001111001110
00000011011000110011110110001010001111100011101110111100010010100111001100111100000000011110110111111010001110011001101110011100
00000000100010110010110111110111001000111110001101011100110001011111111101001111101101111100011100000111010100000110100000010100
10111010001110111101110110010001101111010110001010110010011011110000000100010110001110110111100111010011000101111001100011110101
10011010010110010011001100110001101100001100100000100100011101011001110011110010101100000111110011010011000011100000001010110000
01101001111110111010101100001010001000011010100001101110111010110010000100111100110101001001111001000001100111101000110110011011
11101001101000101001111111110000100100010001001100111011011110110000100100011011101100001011100100000010001100100011100011001110
10111011010100000010101100010111101001101011011110100011011000111010011110011000000101111101101011010001000000110011001010111010
11111011000110011001010011000001101101011000100101100101110100000010100100011101011101010000110100010011101101111100010110110001
00011000001010100000011100000000000001100010100111100010010110010010000010010111000001001101101111011011001101110000100001010100
10111010001000110100000000110001000100100010100000110110011101011001110111011111000000000100011011010001000010010001000010100011
11111000001100011001101000001110011111010111101011110100001101100000010111110110011001100001111101010001100110100100010110101011
01000111001111100010000001110001011001101010111001100101011100001101101011010011110111110001100000011100100010001100010110101011
01011101011011010110110100011111111001010001011100110011110000001100111000001111010011000000111011001100111010100111110110001100
00010000001111100111001111010100111101101010001110110011001000100011101110010011100110011101101000111010100111101101101000001100
01100100010111010110100000001010010111100110110011001100101100011010001011000110010111101100110111010110101001110100010010111101
01011100011101010110011010101110111101010001010100010010100101110111111001000111110111000011101001111000111000101000110111111100
10000100100011100100000100010101011011000100011011010000011010011101001011000110111110100000011011101000001111000000011100000110
11100111000011011101000011101100000111111110010000111110011000001011110101101010111111100101010000010101101001101111011101110011
10011101111111000110011010110110111001011101011100100011100000100011110001010010110111011110011001000000111001101100111101011000
10010101111101100101100111010000101001100001011100000111101010110011000000000011110110100101001000101110100111110001001111011100
10100101110000011001101100101001100110010000100101101011011000110001110111110100111001111111100110010011010011100101111000001000
00100111100010111111111011000110001001001000000010111010110000111110101110101100101111100011000100100100110000111001101111111100
10010011110100011000010111111101100101000111110111011111001100000100110111111001000010110110111000000110101000110100000011100011
10000111000011100000011101011101111010011100101011001010110100010111010100011100111011110111000100101000010011101111111001010010
10100101100110001110010001000100011010101010000101111110110010001110101010011100100110111101110100000100110011111011111101000100
00111011011101001111101011101100110100101011100010111111001111111100010100011001100011111100100111000101110110110110000010100001
01110101010010101111100010011000011010100100110010000001000000110111111100011100111110100011100110001011010111110101100011111000
11100101000100011011110001111010001101010110000011011010111110101100101110001100101111111001000010101100100010111011101001000101
01101011010011001110101011100001100111101111001011111100011011000100001010000011101010111110100011000010101000011000010000101000
11110100000001110110011111111110110100101111010000010100000111101110010000101101000100100100011011110110111100000110111011110110
00000100101000000100000101100001011001010110110100001100001111000111110011110110101001001100011111001011000011010011110011100010
01010100111011100010111100110000100010111010001011100100010101110111111101110110111101101001010011010101010101000110100011011000
10010000011001000111100010110110111010101001011010110001100011001101010000101011010110101000011011000111101110001010100010010011
01000100000110100101100110000010001010010111001101100000001011010111111000101110101000001010011011000111000011011110100010010010
11001000101101010111011101110011100111110110011100011000100001100010010001101000100100001111101010001111010001110100000011001110
01111110000101100010011101100111111111011010001011010100001100011100100011101001010111110001011011100010111011000010110010100110
00110100110011100001100110101000001001000010110100001101000011000111111011111001000000001100011111001011011110010110100010110110
10011000100110100010111101111100110000010000011111011000110100011101011101100100001101000011011010010001010101011001100100111011
00011010111100011000100001001011000010111000101010101000100110010011010100011111101000011110100010100100001111111000100100011101
10111001000010010101101011011010111110100000011010000111101001101100000000000111110010111011010010110000011101011010001100001011
11101011011010111001110010000010010101010000011001001101101001011001010010000101010010010000011111111111100101001111011101110010
00101000001111110111000001111100000100010010100110111101011100000011010010000111101100100110100001110101000101111011101001111000
10111011111110111101011100111001110101110011011010000101010100111001001110000011111000100011111100111000011111101010010010111011
00101011110010101001100011101111011000011000001000100111001000001011010010000100110100110011001010011010111011100001001101110011
11000010101010110100001111011010100111011001101000111010100001110001110100010111100100101101000110110100000100000101000101011101
00001011010100001100101000000111001011000001001011100100001101001100101001110111111011010010100110111001000011001010010110100011
00101011011110011001111011101110011011001001100001001011001000110001011111110100000010101001010111111101110001100011011111000111
01011001001101100101010011110100001010100011010001010001101000000010001110011110011100001011010010001110101011111101110000000100
10001101001101000111011101110100111110101101011101110000111110011110100101101011010101010100001000110011101101111110001011011001
00001100101001110101000000011011000100000011101100000110001110100010001010011110000111000011001000101001110010010000000010000100
01010111110110111110100110000000010101101101000111000001010000110111001110000010011011111100010000011010101100110100010100000011
00000001001101001111001001000100110111001100101011001000100001111011001110000111001111000100001000110101110110101101000101111001
10011101011011110110010110110010100001100010110010011000100010000001001110000111010000100110111101001100010100100100010010011111
01010000010100111001110011111111011100100101000111000111111111100010000011101110011001101100000010001110101000111110101110101110
10100000110011001110011111111010011110110101001101000001111001111001101110001110000010011001001000110100110110101101001101011101
11110100111101101011010101110011100110001110101111010100001110100010111011011111110110110011101000101001110100000100101001111101
11110110110110001110111000110000011111111110101000011100110100111110100110100000111111100011000001101101010100111110011011101010
10010010100110011111100111001000000001011100101011000110010100101010111011000100000011000111010011010000011110010011110101101101
00101011001100001010111011100110111111101100110011110100111111001100001001011001100001100101110100101010110000101101010001111110
11001101110000000001010011011000011011110010100001111000111111110101000000111101110001110111001111100001010110011010111011101101
00101111111111000110110111001110001100100000101010100010111101101100111100111001110011000010111011010000101100110111001000001100
00100011000001011101101000011000011010011100010011100111101111111010000000111011001011110100010001100101000000111011100001111100
10111100111011000110111100100000001010111011110001111011110110011101000001111000110100110011100000100101010110101100000000000001
10000101001001000010010111010100100000010000001010000011000100101110011000100000110011111101110011000100010101111111001000010100
00000011001110100111101110000110111101110100010011111110110111001100011110100101111001100001010111101000100011011001010010010000
11100101100001000010011100001111110001101111011100110100111001101111010001010001100001111100011010111011110010000001110100100010
01011010011001100001011110001111001100100101000100001001011011010111111111111000001101111000011111101100010101100000111100010010
11000000011001000110100101111100101010111101101101100000110100111011010111001011101100100011101001110101001101101010101110111011
10111100100001101110101110010111101010001011011110100101001011001110010101100001111101100000110010111110100011001011001000100000
00000000011001110000111101100011001011010001011101000011000011011101011001101100000110110110000011101110011011000010100101000011
11111010010000000011011111100101101111110101100101010110100000101001010101101101001101001001101000010000111101000100101100100111
10010110000110110111011110111111000100001010011111110010010001101100111111100001101111101000011010111011000011001011011011100010
01011000100111110001100101000001000101110101010100101101011010010111111011010001101100000110011111111110101111010000100101100110
10111000001101010100100000111000001011101101101100000100011100100010011000011010111101000100100000100101101110100111100111111111
01010000101100011100000110000110110111000100000011111111000101111000011100000100101101011011010100000001001100001110111010011011
10100001101010101110101011100011110011110010011011111011100111111100010100011001000100110110100000010011110111010000011001110101
00111010000000111001000011111001011101000110010001000010000000011001010100101010001010011000110011001000100111010011010101100000
00000011001110010011110101001100110110110111101010001110000100110101011101011111100100011111111001000001001101000100100101011110
10111010100000100111001010001001110011000011000011111000101011000110110101011000011110111111100100010001011101011000010100101111
00011011110010101000110110101011001010000010011110111101000011010011011101011000101010010101001010111011010101000000100101101010
01100001101010001100100001000100110101000111111000001000101110101111110001010101101100010100110101000100101101011001100100011010
00010011010100100011001000111001011011100010111010011011100111001110110101000101111101001110100000010000011101011010010110010001
00001010101001101000011001001001110101000011010110011111000010101001111010101111001010010000001011001110010001100010001000011110
11111101010001011001111010111001000001011111101111001010010111100111111011111011001000101110011011001000101011111011011111000011
10011101010111001100011000010100010000101101100110000001111000001100100011001011110110111111011100101101011011000101000011001110
11101101101001011111000101100111000010101001100110010101110010100001111010000100110110110101001011111101010100111100000000101111
11110000010001011110010011001011001101111110000000010010110101111010110000001110001100101010100100001101001010101011000110010001
00011100110111001101011011010100110100100100110111000110111101101001000000001011100111000011110000101101110010000110100111011010
11100111010111010000010001011110000100101101100010010100101100000101110000001000010111100000110100011000000010101101011010110101
10011101111001000110111010111001111111111011010010000101110111010100100110011011010000101111010001001000101010111110110111110010
11001100000001001101011011001100100000011101000111000100111000111100100000111011000100011010011101101001110000010111100100000000
11110100011111110011001101110111000110110000101010000101111001110001001110010100110110101111100001110100010111111100110010000010
